      0/99     6.23G   0.09699   0.02593   0.02716    0.1501        71       640   0.01947     0.313   0.01877  0.004788    0.0652   0.02356   0.02576
      1/99     9.02G   0.06393   0.02639   0.02462    0.1149        73       640    0.4434    0.6181    0.5076    0.1335   0.04826   0.02107   0.02059
      2/99     9.02G   0.05611   0.02117   0.01657   0.09385        68       640    0.5561      0.73    0.7555    0.3028    0.0447   0.01571  0.006948
      3/99     9.02G   0.05546   0.01586   0.00774   0.07906        65       640    0.7643    0.8647    0.8511    0.2833   0.04631   0.01173  0.004084
      4/99     9.02G   0.05232   0.01288  0.005357   0.07055        56       640    0.9386    0.9152    0.9676    0.5285    0.0354   0.01059  0.003315
      5/99     9.02G   0.04919   0.01134  0.004318   0.06486        62       640    0.9168    0.9335    0.9668    0.5397   0.03715  0.008673   0.00246
      6/99     9.02G   0.04607    0.0104  0.004287   0.06075        65       640    0.7949    0.9527     0.901    0.4675   0.03347  0.007883  0.002252
      7/99     9.02G   0.04486  0.009345  0.003913   0.05812        66       640    0.9836    0.9741    0.9925     0.593   0.03089  0.006977  0.002244
      8/99     9.02G   0.04279  0.008921  0.003911   0.05562        69       640    0.9166    0.9086    0.9653     0.601   0.03206  0.006456  0.002315
      9/99     9.02G   0.03946  0.008245  0.003377   0.05108        60       640    0.9685    0.8829    0.9898    0.6228   0.02881  0.006215  0.002768
     10/99     9.02G   0.03828  0.007877  0.003327   0.04948        63       640    0.9826    0.9735    0.9919    0.6158   0.02957  0.005592  0.001755
     11/99     9.02G   0.03705  0.007479  0.003269   0.04779        69       640     0.995     0.997     0.995    0.6075    0.0241  0.005328  0.001741
     12/99     9.02G   0.03625  0.007299  0.002786   0.04634        68       640    0.9755    0.9893    0.9943     0.714   0.02324  0.005265  0.001857
     13/99     9.02G   0.03406  0.006995  0.002992   0.04404        66       640    0.9912    0.9967    0.9951     0.723   0.02102  0.005017  0.002137
     14/99     9.02G    0.0329  0.006701  0.003239   0.04284        57       640    0.9953    0.9811     0.995    0.7385   0.02267  0.004794  0.002071
     15/99     9.02G   0.03087   0.00664  0.002753   0.04027        81       640         1     0.996    0.9952    0.7373   0.02031  0.004568  0.001487
     16/99     9.02G     0.032  0.006516  0.002406   0.04092        66       640         1    0.9975    0.9953    0.7377    0.0233  0.004805  0.001557
     17/99     9.02G   0.02888  0.006066  0.002393   0.03734        62       640    0.9941     0.997    0.9954    0.7013   0.01969  0.004521  0.001486
     18/99     9.02G   0.03104  0.006149  0.002628   0.03982        61       640    0.9879    0.9954    0.9954    0.6862   0.02184  0.004571  0.001924
     19/99     9.02G   0.02708   0.00594  0.002268   0.03529        61       640         1     0.997    0.9956    0.7893   0.01758  0.004294  0.001244
     20/99     9.02G   0.02796  0.006038  0.002297    0.0363        61       640    0.9954     0.997    0.9956    0.7664   0.01848  0.004193  0.001211
     21/99     9.02G   0.02619  0.005839  0.001976     0.034        72       640    0.9955    0.9983    0.9955    0.7673   0.01721  0.004138  0.001179
     22/99     9.02G   0.02551  0.005753  0.001872   0.03313        64       640    0.9972         1    0.9956    0.7939   0.01624  0.004083   0.00108
     23/99     9.02G   0.02602  0.005837  0.002045   0.03391        58       640    0.9884    0.9954    0.9957    0.7881   0.01716  0.004124  0.001324
     24/99     9.02G   0.02387  0.005736  0.002183   0.03179        65       640     0.992         1    0.9956    0.8213   0.01592  0.003925  0.001133
     25/99     9.02G   0.02312  0.005565  0.002162   0.03085        68       640    0.9964         1    0.9958    0.7834   0.01674  0.003877  0.001228
     26/99     9.02G   0.02259  0.005539  0.001872      0.03        69       640    0.9941    0.9842    0.9934    0.7658   0.01657  0.003905  0.001827
     27/99     9.02G   0.02205  0.005366   0.00208   0.02949        63       640         1    0.9783    0.9956    0.7915   0.01602  0.003788  0.001583
     28/99     9.02G    0.0222  0.005477  0.001987   0.02966        71       640    0.9994     0.997    0.9958    0.7929   0.01703  0.003901 0.0009016
     29/99     9.02G   0.02103  0.005433  0.001825   0.02828        74       640    0.9587     0.997    0.9894    0.6809   0.02273  0.004471  0.003284
     30/99     9.02G   0.02124  0.005145  0.001833   0.02822        56       640    0.9979    0.9924    0.9959    0.7856   0.01645  0.004044  0.001236
     31/99     9.02G   0.02039  0.005219  0.001862   0.02748        67       640     0.994     0.997    0.9955    0.7987   0.01566  0.003754   0.00111
     32/99     9.02G   0.02009  0.005124  0.002007   0.02722        66       640    0.9953     0.997    0.9957    0.7992   0.01602  0.003856   0.00098
     33/99     9.02G   0.01942  0.005208  0.001911   0.02654        80       640     0.999    0.9969    0.9957    0.8166    0.0147  0.003714 0.0008974
     34/99     9.02G     0.019  0.004972  0.001586   0.02556        71       640    0.9999    0.9986    0.9957    0.7917   0.01523  0.003723 0.0008569
     35/99     9.02G   0.01868  0.004912  0.001721   0.02531        63       640    0.9799         1    0.9956    0.8258   0.01437  0.003585  0.001287
     36/99     9.02G   0.01852  0.004878  0.001733   0.02513        55       640     0.999    0.9924    0.9957    0.8115   0.01539  0.003618 0.0009093
     37/99     9.02G   0.01815  0.004844  0.001802    0.0248        67       640    0.9989    0.9924    0.9959     0.823   0.01471  0.003548 0.0008382
     38/99     9.02G   0.01766  0.004816  0.001586   0.02407        74       640    0.9954    0.9979    0.9961    0.8226   0.01397  0.003548 0.0008116
     39/99     9.02G   0.01756   0.00483   0.00147   0.02386        72       640    0.9954    0.9989    0.9959    0.8134   0.01484  0.003591 0.0007456
     40/99     9.02G   0.01684  0.004736  0.001741   0.02332        60       640         1    0.9993    0.9959    0.8296   0.01383  0.003527 0.0007774
     41/99     9.02G    0.0168  0.004698  0.001564   0.02306        69       640         1    0.9991     0.996    0.8347    0.0136   0.00345 0.0008029
     42/99     9.02G   0.01715  0.004706  0.001408   0.02326        61       640    0.9865         1    0.9961    0.8326   0.01411  0.003561  0.000923
     43/99     9.02G   0.01649  0.004516  0.001238   0.02224        73       640    0.9999         1    0.9961    0.8352   0.01392  0.003469 0.0007179
     44/99     9.02G   0.01666   0.00459  0.001579   0.02283        68       640         1    0.9987    0.9962    0.8315   0.01372  0.003395 0.0007088
     45/99     9.02G   0.01613  0.004627  0.001605   0.02237        66       640    0.9794         1     0.996    0.8418     0.013  0.003359  0.001231
     46/99     9.02G   0.01593  0.004492  0.001319   0.02174        68       640    0.9848    0.9999    0.9962    0.8408   0.01335  0.003378  0.001179
     47/99     9.02G   0.01574  0.004561   0.00142   0.02172        76       640         1    0.9974    0.9963    0.8425   0.01301  0.003358 0.0006283
     48/99     9.02G   0.01551  0.004407  0.001302   0.02122        66       640         1    0.9978    0.9962    0.8465    0.0133   0.00329 0.0005124
     49/99     9.02G   0.01561  0.004518  0.001466    0.0216        74       640         1    0.9977    0.9962    0.8404   0.01311  0.003307 0.0006115
     50/99     9.02G   0.01494  0.004296  0.001435   0.02067        52       640    0.9941    0.9972    0.9962    0.8425   0.01338   0.00335 0.0007035
     51/99     9.02G    0.0151  0.004324  0.001254   0.02068        53       640         1    0.9984    0.9963    0.8389   0.01314  0.003288 0.0004406
     52/99     9.02G   0.01502  0.004493 0.0009465   0.02046        52       640    0.9941    0.9991    0.9963    0.8458   0.01291  0.003353 0.0005379
     53/99     9.02G   0.01493  0.004374  0.001035   0.02034        69       640    0.9842         1    0.9962    0.8395   0.01311  0.003367  0.001054
     54/99     9.02G   0.01511  0.004287  0.001072   0.02047        56       640         1     0.998    0.9963    0.8423   0.01279  0.003325 0.0004581
     55/99     9.02G   0.01471  0.004392 0.0008628   0.01996        65       640    0.9838         1    0.9963    0.8528    0.0124  0.003249 0.0009485
     56/99     9.02G   0.01411  0.004288  0.001257   0.01965        69       640    0.9715         1    0.9962    0.8563   0.01246  0.003238  0.001778
     57/99     9.02G   0.01471  0.004541  0.001133   0.02038        60       640    0.9773         1     0.996    0.8464   0.01289  0.003276  0.001262
     58/99     9.02G   0.01449  0.004215  0.001362   0.02007        63       640    0.9828    0.9999    0.9962    0.8468   0.01287  0.003331  0.001335
     59/99     9.02G    0.0143  0.004313  0.001179   0.01979        72       640         1    0.9978    0.9963    0.8451   0.01263  0.003242 0.0004557
     60/99     9.02G     0.014   0.00411 0.0009337   0.01904        56       640    0.9908         1    0.9963    0.8561   0.01227  0.003142 0.0005806
     61/99     9.02G   0.01404   0.00414 0.0007256    0.0189        65       640         1    0.9957    0.9963    0.8329   0.01321  0.003315 0.0004746
     62/99     9.02G   0.01409  0.004209  0.000981   0.01929        63       640    0.9999         1    0.9963    0.8509   0.01243    0.0032 0.0003513
     63/99     9.02G   0.01374  0.004241 0.0009552   0.01893        67       640    0.9966         1    0.9963    0.8532   0.01257  0.003238 0.0004062
     64/99     9.02G   0.01377  0.004242  0.000794    0.0188        62       640    0.9956         1    0.9963    0.8447   0.01256  0.003196 0.0003926
     65/99     9.02G   0.01349  0.004166 0.0009582   0.01861        58       640    0.9834         1    0.9963    0.8486   0.01231  0.003163 0.0009402
     66/99     9.02G   0.01372  0.004009 0.0008934   0.01862        55       640    0.9981         1    0.9963    0.8587   0.01216  0.003135 0.0002908
     67/99     9.02G   0.01345  0.004264 0.0008629   0.01858        61       640         1    0.9988    0.9964     0.843    0.0131  0.003354 0.0003533
     68/99     9.02G   0.01367  0.004175  0.001025   0.01887        59       640    0.9983         1    0.9964    0.8494    0.0124  0.003254  0.000331
     69/99     9.02G   0.01324  0.004074 0.0008846    0.0182        65       640    0.9997         1    0.9964     0.849   0.01252  0.003188 0.0002779
     70/99     9.02G    0.0133  0.003989  0.001064   0.01835        73       640    0.9912    0.9941    0.9963    0.8516   0.01237  0.003214 0.0007588
     71/99     9.02G     0.013  0.004065 0.0007143   0.01778        67       640    0.9933         1    0.9964    0.8526   0.01252  0.003223  0.000387
     72/99     9.02G   0.01302  0.003986 0.0006565   0.01767        76       640     0.999         1    0.9964     0.848   0.01272  0.003247  0.000214
     73/99     9.02G   0.01309  0.004055 0.0009419   0.01808        64       640    0.9841         1    0.9964    0.8495   0.01283  0.003277 0.0007862
     74/99     9.02G   0.01317   0.00405 0.0008965   0.01812        80       640    0.9937         1    0.9964     0.843   0.01256  0.003192  0.000433
     75/99     9.02G   0.01277  0.003876 0.0005012   0.01715        66       640    0.9996         1    0.9964    0.8516   0.01239  0.003188 0.0001509
     76/99     9.02G   0.01267  0.003918 0.0002912   0.01688        68       640    0.9997         1    0.9964    0.8554   0.01248  0.003164 0.0001374
     77/99     9.02G   0.01286  0.004115 0.0005508   0.01753        72       640    0.9977         1    0.9964    0.8538   0.01241  0.003159 0.0002381
     78/99     9.02G   0.01273  0.003818  0.000887   0.01744        65       640    0.9987     0.997    0.9964    0.8546   0.01241  0.003192 0.0003143
     79/99     9.02G   0.01288  0.003992 0.0006246   0.01749        63       640    0.9856         1    0.9963    0.8523   0.01237  0.003131 0.0009022
     80/99     9.02G   0.01253  0.003897 0.0007545   0.01718        68       640    0.9998         1    0.9964    0.8485   0.01249  0.003181 0.0002034
     81/99     9.02G   0.01258  0.003843  0.000507   0.01693        63       640    0.9943         1    0.9965    0.8564   0.01233  0.003174 0.0003009
     82/99     9.02G   0.01239  0.003912 0.0004829   0.01679        67       640    0.9941    0.9995    0.9964    0.8542   0.01211  0.003164 0.0004428
     83/99     9.02G   0.01247  0.003835 0.0006351   0.01694        76       640    0.9997         1    0.9963    0.8513   0.01266  0.003222 0.0001582
     84/99     9.02G   0.01224  0.003907 0.0008215   0.01697        62       640    0.9996         1    0.9964    0.8542   0.01256   0.00322 0.0001381
     85/99     9.02G   0.01243  0.003962 0.0004956   0.01689        62       640    0.9993         1    0.9965    0.8558   0.01218  0.003164   0.00015
     86/99     9.02G   0.01228  0.003856 0.0005941   0.01673        72       640    0.9992         1    0.9965    0.8564   0.01224   0.00318  0.000158
     87/99     9.02G   0.01255   0.00401 0.0004521   0.01701        58       640    0.9962    0.9954    0.9964    0.8534   0.01241  0.003223 0.0004209
     88/99     9.02G    0.0122  0.003788 0.0004054    0.0164        72       640    0.9941    0.9962    0.9964    0.8537   0.01228  0.003147 0.0007201
     89/99     9.02G   0.01233  0.003933 0.0007464   0.01701        59       640    0.9971         1    0.9965     0.846   0.01276  0.003194 0.0003297
     90/99     9.02G   0.01213  0.003752 0.0004253   0.01631        69       640    0.9999         1    0.9965    0.8474   0.01285  0.003242  9.71e-05
     91/99     9.02G   0.01219  0.003811 0.0005046    0.0165        71       640    0.9922         1    0.9963    0.8388   0.01327  0.003346 0.0003904
     92/99     9.02G   0.01206  0.003944 0.0002867   0.01629        70       640    0.9998         1    0.9965    0.8496   0.01246  0.003194 8.286e-05
     93/99     9.02G    0.0122  0.003804 0.0003867   0.01639        58       640    0.9912    0.9939    0.9964    0.8573   0.01206  0.003069  0.001025
     94/99     9.02G   0.01227  0.003853 0.0005642   0.01669        71       640    0.9912    0.9973    0.9965     0.856   0.01208  0.003125 0.0007105
     95/99     9.02G   0.01187  0.003708 0.0005262   0.01611        59       640    0.9981         1    0.9965    0.8563   0.01226  0.003164  0.000196
     96/99     9.02G   0.01215  0.003744  0.000423   0.01632        64       640    0.9941    0.9995    0.9965    0.8572   0.01215  0.003124 0.0003296
     97/99     9.02G   0.01203  0.003884 0.0003957   0.01631        74       640    0.9955         1    0.9965    0.8564   0.01229    0.0032 0.0002423
     98/99     9.02G   0.01216  0.003817 0.0007455   0.01672        72       640    0.9941    0.9985    0.9965     0.853   0.01244  0.003208 0.0004263
     99/99     9.02G   0.01184  0.003847 0.0004648   0.01615        55       640    0.9983         1    0.9965    0.8453   0.01297  0.003259  0.000171
