      0/99     9.92G   0.09507   0.02321   0.02735    0.1456        36       640   0.01221   0.09277   0.01067  0.002033   0.06963   0.02301   0.02467
      1/99     6.52G   0.06321   0.02321   0.02469    0.1111        38       640    0.2645    0.7751    0.3853    0.1435   0.04776   0.02345   0.02229
      2/99     6.52G   0.05257   0.02099   0.01971   0.09327        37       640    0.9308    0.3542     0.522    0.2069   0.04325   0.01965    0.0115
      3/99     6.52G   0.05474   0.01711   0.01218   0.08403        39       640    0.5217     0.731    0.7972    0.3388   0.05391   0.01496  0.007193
      4/99     6.52G   0.05227   0.01455  0.008822   0.07564        35       640    0.8128    0.8001    0.8682    0.3942   0.05142   0.01235  0.005152
      5/99     6.52G   0.05177   0.01235  0.007149   0.07127        38       640    0.8768    0.8496    0.9341    0.4966   0.03681   0.01136  0.003782
      6/99     6.52G   0.04848   0.01071  0.005905   0.06509        38       640     0.654    0.8418    0.8102    0.4374   0.04404  0.009102  0.003534
      7/99     6.52G    0.0471  0.009574  0.005815   0.06249        38       640    0.8594    0.9727    0.9621    0.5362   0.03798  0.008475    0.0036
      8/99     6.52G   0.04641  0.008527  0.005107   0.06005        38       640    0.8576    0.9087    0.9144    0.3479   0.04054  0.007515  0.003421
      9/99     6.52G   0.04321  0.007906  0.005153   0.05627        38       640    0.8326    0.8218    0.8801    0.4625   0.04135  0.007561  0.004346
     10/99     6.52G   0.04237  0.008043  0.009033   0.05944        38       640      0.94    0.9746    0.9797    0.5453   0.03594  0.007292  0.003131
     11/99     6.52G   0.04102  0.007116  0.005241   0.05338        38       640    0.8001     0.782    0.8834    0.4683   0.04505  0.006446  0.003526
     12/99     6.52G   0.04104  0.006766  0.005031   0.05283        37       640    0.7764    0.9848    0.9107    0.4715   0.03198  0.006215  0.003414
     13/99     6.52G    0.0393  0.006495  0.004564   0.05036        39       640    0.9019    0.8482    0.9378    0.5151   0.03385  0.005853  0.003105
     14/99     6.52G   0.03667  0.006315  0.004514    0.0475        38       640    0.9436    0.9852    0.9926     0.568   0.03447  0.005703  0.002874
     15/99     6.52G   0.03604  0.006025  0.004297   0.04636        38       640    0.9057    0.9895    0.9846    0.4866   0.03374  0.005531  0.002796
     16/99     6.52G   0.03494   0.00598  0.004138   0.04506        39       640    0.9943     0.994     0.995    0.6104   0.02944  0.005456  0.002302
     17/99     6.52G   0.03477  0.005889  0.004035    0.0447        38       640    0.9315    0.9907    0.9832    0.5544   0.03075  0.005406  0.002492
     18/99     6.52G   0.03386  0.005846  0.004341   0.04405        38       640    0.9555     0.985    0.9892    0.5269   0.03257  0.005624  0.002287
     19/99     6.52G    0.0332  0.005708  0.003459   0.04236        39       640    0.9927         1    0.9954    0.5976   0.02835  0.005389  0.002251
     20/99     6.52G   0.03127  0.005701  0.003813   0.04079        39       640    0.8121    0.9949     0.978    0.5488    0.0309  0.005168  0.001627
     21/99     6.52G   0.03173  0.005529  0.003621   0.04088        38       640    0.9995    0.9789    0.9951    0.6223   0.03028  0.005123  0.001562
     22/99     6.52G    0.0297  0.005463  0.003221   0.03838        39       640    0.9997    0.9969    0.9954    0.6941   0.02384  0.004824  0.001758
     23/99     6.52G   0.02818    0.0053  0.003518   0.03699        38       640    0.9902    0.9895    0.9952    0.6201   0.02749  0.004745  0.001352
     24/99     6.52G   0.02927  0.005265  0.003032   0.03757        39       640    0.9885     0.997    0.9936    0.5507   0.02863  0.004814  0.001718
     25/99     6.52G   0.02901  0.005313  0.003448   0.03777        38       640    0.9949     0.991    0.9949    0.6451   0.02597  0.004772  0.001307
     26/99     6.52G   0.02845  0.005302  0.003324   0.03707        37       640    0.9925    0.9959    0.9947    0.6297   0.02735  0.004769  0.001752
     27/99     6.52G   0.02721  0.005254  0.003079   0.03555        38       640    0.9991    0.9894    0.9954    0.6263   0.02562  0.004812  0.001091
     28/99     6.52G   0.02766  0.005244  0.003243   0.03614        39       640     0.991    0.9927    0.9951    0.6194   0.02703  0.004848  0.001298
     29/99     6.52G   0.02637  0.005149  0.002947   0.03447        38       640    0.9798    0.9933    0.9885    0.6573   0.02444   0.00466  0.001592
     30/99     6.52G    0.0259  0.005086   0.00316   0.03414        39       640    0.9619    0.9895    0.9902    0.6075   0.02671  0.004797  0.001241
     31/99     6.52G   0.02631  0.005103  0.003123   0.03453        39       640    0.9719     0.997    0.9931    0.6962   0.02194  0.004559  0.001409
     32/99     6.52G   0.02609  0.005027   0.00326   0.03438        38       640    0.9697    0.9787    0.9819    0.6465     0.024  0.004633  0.001646
     33/99     6.52G   0.02712  0.005981   0.01285   0.04595        37       640    0.8291    0.1239    0.1403   0.06571    0.0733   0.02428   0.02503
     34/99     6.52G   0.02844  0.005814  0.005077   0.03933        38       640    0.9463    0.9151    0.9607    0.5906   0.02861   0.00694  0.004694
     35/99     6.52G   0.02666  0.005483  0.005169   0.03731        39       640    0.9944    0.9805    0.9939    0.5697   0.03045  0.005456  0.001155
     36/99     6.52G   0.02471  0.004978  0.003657   0.03334        39       640    0.9396    0.9121    0.9703    0.5694    0.0277  0.005168  0.008526
     37/99     6.52G   0.02467  0.004957  0.003186   0.03282        35       640    0.9939     0.997    0.9957    0.6969   0.02349  0.004673  0.001435
     38/99     6.52G   0.02409  0.005006   0.00295   0.03204        37       640    0.9815    0.9969    0.9952    0.6839   0.02306  0.004594  0.001668
     39/99     6.52G   0.02245  0.004886  0.002545   0.02988        38       640    0.9816    0.9908    0.9947    0.6524   0.02373  0.004527  0.001104
     40/99     6.52G   0.02276  0.004753  0.002511   0.03003        39       640    0.9992    0.9893    0.9952    0.6878   0.02272   0.00448 0.0009833
     41/99     6.52G   0.02201  0.004583  0.002717   0.02931        38       640    0.9955    0.9944    0.9953    0.7499   0.01917  0.004111  0.001272
     42/99     6.52G   0.02102  0.004568  0.002474   0.02806        38       640    0.9864         1    0.9955    0.7547   0.01898  0.004144  0.001201
     43/99     6.52G   0.02142   0.00451  0.001979   0.02791        39       640    0.9831    0.9968    0.9958    0.7599    0.0194  0.004122  0.001521
     44/99     6.52G    0.0196  0.004432  0.002354   0.02638        39       640    0.9988    0.9924    0.9957    0.7753    0.0177  0.003974  0.001186
     45/99     6.52G      0.02  0.004242  0.002138   0.02638        38       640    0.9953     0.997    0.9958    0.7855   0.01752  0.003974  0.001203
     46/99     6.52G   0.01961  0.004381     0.002     0.026        37       640    0.9939     0.997    0.9957     0.775   0.01775  0.003942  0.001036
     47/99     6.52G   0.01952  0.004261  0.002085   0.02586        38       640    0.9944     0.997    0.9958    0.7811   0.01758  0.003894  0.001001
     48/99     6.52G   0.01957  0.004264  0.001823   0.02566        38       640    0.9941     0.997    0.9959    0.7797   0.01823   0.00391  0.001118
     49/99     6.52G   0.01886  0.004116  0.001732    0.0247        36       640    0.9955    0.9987    0.9959    0.8042   0.01772  0.003926 0.0008765
     50/99     6.52G   0.01818  0.004146  0.001717   0.02405        38       640         1    0.9986    0.9958     0.795   0.01653  0.003839 0.0009719
     51/99     6.52G   0.01788  0.004155    0.0016   0.02364        38       640    0.9954    0.9998    0.9959    0.7842   0.01666   0.00378 0.0008342
     52/99     6.52G   0.01812  0.004141  0.001562   0.02382        37       640    0.9954    0.9995    0.9959    0.8104   0.01663  0.003794 0.0008427
     53/99     6.52G   0.01881  0.004204  0.001425   0.02444        38       640    0.9925    0.9994    0.9957    0.7971   0.01699  0.003785 0.0008699
     54/99     6.52G   0.01807  0.004035  0.001579   0.02368        39       640         1    0.9952    0.9959    0.8075   0.01648   0.00375  0.001027
     55/99     6.52G   0.01835  0.003981   0.00145   0.02378        39       640     0.997    0.9953    0.9959    0.8097   0.01554  0.003748 0.0008271
     56/99     6.52G   0.01723  0.004072  0.001609   0.02292        38       640    0.9976    0.9878    0.9959     0.799   0.01633  0.003789 0.0009721
     57/99     6.52G   0.01838  0.004086  0.001499   0.02396        36       640    0.9954    0.9989    0.9958    0.7917   0.01719  0.003836 0.0007738
     58/99     6.52G   0.01786   0.00405  0.001571   0.02349        39       640    0.9947         1    0.9961    0.8153   0.01606  0.003703   0.00094
     59/99     6.52G   0.01753   0.00392  0.001311   0.02276        38       640         1    0.9905    0.9961    0.8169   0.01493  0.003635 0.0008495
     60/99     6.52G   0.01635  0.003851  0.001521   0.02173        38       640    0.9872         1    0.9961    0.8133    0.0147  0.003561 0.0009938
     61/99     6.52G   0.01657  0.003865  0.001329   0.02176        37       640    0.9906    0.9999     0.996    0.8162   0.01556  0.003662 0.0006232
     62/99     6.52G   0.01695  0.003958  0.001464   0.02237        37       640     0.993     0.997     0.996    0.8034   0.01523  0.003599 0.0009628
     63/99     6.52G   0.01635  0.003922   0.00142   0.02169        38       640    0.9973    0.9878    0.9957    0.8098   0.01606  0.003626 0.0008129
     64/99     6.52G   0.01863  0.004096  0.001383   0.02411        38       640    0.9954     0.997    0.9957    0.7933   0.01583  0.003704 0.0008586
     65/99     6.52G   0.01666   0.00386  0.001412   0.02193        37       640      0.98         1     0.996    0.7922   0.01576  0.003688  0.001038
     66/99     6.52G   0.01599   0.00383  0.001329   0.02115        38       640    0.9955    0.9978     0.996    0.7985   0.01476  0.003503 0.0005037
     67/99     6.52G    0.0162  0.003929  0.001985   0.02212        38       640    0.9926     0.997     0.996    0.8131   0.01536   0.00356  0.001724
     68/99     6.52G   0.01591  0.003792  0.001471   0.02117        38       640    0.9944     0.997    0.9961    0.7955   0.01629  0.003573 0.0007023
     69/99     6.52G    0.0166  0.003792   0.00133   0.02172        38       640    0.9921    0.9998    0.9961    0.7862   0.01765  0.003671 0.0007789
     70/99     6.52G     0.016  0.003806  0.001282   0.02109        38       640    0.9969    0.9887     0.996    0.7997   0.01678  0.003652 0.0008654
     71/99     6.52G   0.01604  0.003778   0.00113   0.02095        38       640    0.9973    0.9878    0.9961    0.8213   0.01459  0.003504 0.0008071
     72/99     6.52G   0.01532  0.003705  0.001205   0.02023        37       640         1    0.9896    0.9961    0.8209   0.01442   0.00352 0.0007657
     73/99     6.52G   0.01478  0.003763  0.001159   0.01971        37       640    0.9803         1    0.9961    0.8024   0.01555  0.003599 0.0008371
     74/99     6.52G   0.01529  0.003695  0.001036   0.02002        38       640    0.9835         1     0.996    0.8095   0.01553  0.003623  0.000731
     75/99     6.52G   0.01511  0.003676  0.001075   0.01986        38       640    0.9966    0.9874    0.9961    0.8035   0.01461  0.003566 0.0007706
     76/99     6.52G   0.01481  0.003681   0.00109   0.01958        39       640    0.9826         1    0.9961    0.8157   0.01469  0.003526  0.000812
     77/99     6.52G   0.01485  0.003572  0.001126   0.01955        39       640    0.9801         1     0.996    0.8086   0.01496  0.003493  0.000947
     78/99     6.52G   0.01491  0.003638  0.001103   0.01965        39       640    0.9886         1    0.9961    0.8107   0.01481  0.003493 0.0005857
     79/99     6.52G   0.01489  0.003769    0.0012   0.01986        38       640    0.9798         1     0.996    0.8055   0.01512  0.003507  0.001022
     80/99     6.52G   0.01432  0.003672  0.001001   0.01899        37       640     0.989         1    0.9962    0.8211   0.01434  0.003482  0.000507
     81/99     6.52G   0.01426  0.003638 0.0008647   0.01876        37       640    0.9877         1    0.9961    0.8062   0.01515  0.003527  0.000554
     82/99     6.52G    0.0144  0.003547  0.001125   0.01907        36       640     0.977         1     0.996    0.8138   0.01493  0.003516  0.001345
     83/99     6.52G   0.01437  0.003579  0.001021   0.01897        37       640         1    0.9995    0.9963    0.8215   0.01464   0.00349 0.0004868
     84/99     6.52G   0.01417  0.003588  0.001454   0.01921        38       640    0.9762         1     0.996    0.8295   0.01412  0.003417   0.00132
     85/99     6.52G   0.01454  0.003509  0.001188   0.01924        39       640    0.9865         1    0.9962    0.8204   0.01422  0.003425 0.0006715
     86/99     6.52G   0.01407  0.003587  0.001132   0.01879        39       640    0.9802         1    0.9962    0.8319   0.01396  0.003418 0.0008445
     87/99     6.52G   0.01392   0.00352 0.0009804   0.01842        38       640    0.9835         1    0.9962    0.8296    0.0142  0.003446 0.0006881
     88/99     6.52G   0.01386  0.003481 0.0008625    0.0182        38       640    0.9829         1    0.9962    0.8287   0.01431  0.003433 0.0007061
     89/99     6.52G   0.01409  0.003523 0.0008174   0.01843        38       640    0.9807         1    0.9962    0.8429   0.01349  0.003385 0.0007756
     90/99     6.52G   0.01367    0.0035 0.0009351   0.01811        39       640    0.9795         1    0.9961    0.8421   0.01347  0.003386  0.001072
     91/99     6.52G   0.01357  0.003506 0.0009216     0.018        39       640    0.9877         1    0.9962    0.8354   0.01361  0.003377 0.0005218
     92/99     6.52G   0.01353  0.003442 0.0008894   0.01786        37       640    0.9823         1    0.9962     0.837   0.01353   0.00343 0.0007415
     93/99     6.52G   0.01345  0.003467 0.0008846    0.0178        38       640    0.9795         1    0.9961    0.8374   0.01353   0.00336   0.00102
     94/99     6.52G   0.01322  0.003464 0.0008183    0.0175        39       640    0.9788         1    0.9961    0.8399   0.01371  0.003435  0.001374
     95/99     6.52G   0.01311  0.003475 0.0008951   0.01748        38       640    0.9808         1    0.9962    0.8443   0.01317  0.003413 0.0007089
     96/99     6.52G   0.01327  0.003335 0.0007019   0.01731        38       640    0.9793         1    0.9962    0.8346   0.01342  0.003418  0.001033
     97/99     6.52G   0.01319  0.003413 0.0008511   0.01745        39       640    0.9781    0.9999    0.9961    0.8399   0.01333  0.003487   0.00159
     98/99     6.52G   0.01298  0.003312 0.0008203   0.01712        37       640    0.9843         1    0.9962    0.8417   0.01312   0.00336 0.0007904
     99/99     6.52G   0.01329  0.003453 0.0007749   0.01751        39       640    0.9789         1    0.9961    0.8335   0.01336   0.00344  0.001477
